GRB number	F0	F0error	z	Lx	Lxerror	Ta	Taerror	alpha1	alpha1error	alpha2	alpha2error		SGRBs
GRB_050315	1.1668E-11	3.3152E-11	1.949	5.08942E+46	5.43547E+46	33798.21933	13740.70492	-0.03	0.05	1.94	0.25		GRB090426
GRB_050319	1.96512E-11	6.3966E-11	3.24	7.20924E+47	6.32036E+47	3381.790735	2278.859094	0.15	0.11	1.41	0.17		GRB051221A
GRB_050401	6.8055E-11	9.9188E-11	2.9	2.42031E+48	1.17172E+48	1609.370662	691.2454664	0.55	0.03	1.63	0.28		GRB070809
GRB_050416A	2.87851E-11	7.7102E-11	0.6535	1.55728E+46	1.0469E+46	1572.776567	923.1015882	0.32	0.09	1.09	0.09		GRB140903A
GRB_050505	2.38572E-11	5.4218E-11	4.27	1.94295E+48	1.14044E+48	2323.788724	464.5096148	0.06	0.14	1.78	0.11		GRB150423A
GRB_050730	3.87735E-10	1.31128E-09	3.97	9.69306E+48	8.33243E+48	1676.538496	289.2193148	0.23	0.1	2.77	0.19		GRB061201
GRB_050801	2.97805E-11	1.45424E-10	1.38	2.40341E+47	1.88775E+47	244.8653308	202.6087659	0.44	0.45	1.25	0.15		GRB100724A
GRB_050802	3.12527E-11	2.1218E-10	1.71	4.62464E+47	5.40991E+47	1969.141749	622.6131613	0.5	0.19	1.6	0.08		GRB090510
GRB_050803	1.51955E-11	1.3069E-11	0.422	1.00986E+46	1.05022E+45	8933.343632	681.5306484	-0.09	0.11	1.63	0.05		GRB130603B
GRB_050814	6.1509E-12	3.538E-11	5.3	3.2763E+47	5.52393E+47	4570.465342	3895.847262	0.06	0.14	1.81	0.34		GRB231117A
GRB_050824	1.3517E-12	3.97E-12	0.83	2.15935E+45	1.58162E+45	38421.70472	32312.43566	0.05	0.13	1.09	0.23		GRB250221A
GRB_050922C	3.69798E-10	1.02289E-09	2.199	9.14142E+48	6.61172E+48	120.480705	41.68378857	0.61	0.09	1.4	0.07		
GRB_051016B	9.1546E-12	3.9786E-11	0.9364	7.53287E+45	1.03978E+46	8935.856173	4593.5785	0	0.09	1.6	0.18		
GRB_051109A	1.55807E-10	3.84242E-10	2.346	3.11311E+48	1.67654E+48	650.7408946	179.8549806	0.32	0.08	1.31	0.05		
GRB_051109B	5.5865E-12	2.342E-11	0.08	5.13918E+43	5.49947E+43	2303.607692	987.5559754	-0.02	0.15	1.35	0.16		
GRB_051221A	1.7291E-12	6.199E-12	0.547	1.45475E+45	1.03869E+45	14854.97037	4818.899293	0	0.22	1.43	0.11		
GRB_060108	2.5879E-12	1.203E-11	2.03	3.70388E+46	3.90211E+46	5933.414656	3563.56352	0.14	0.13	1.46	0.22		
GRB_060115	3.3689E-12	1.2847E-11	3.53	2.15304E+47	1.92E+47	2398.316305	1107.528362	0.22	0.18	1.28	0.17		
GRB_060116	2.22695E-11	9.3992E-11	4	1.58417E+48	1.24855E+48	217.5902344	184.7871007	0.63	0.24	1.2	0.17		
GRB_060202	8.9384E-12	2.3688E-11	0.78	3.5131E+46	1.32566E+46	1870.783023	693.5221595	-0.08	0.29	0.88	0.03		
GRB_060206	3.60348E-11	1.46788E-10	4.05	4.0882E+48	3.47255E+48	324.4808717	172.3711142	0.22	0.17	1.03	0.07		
GRB_060210	6.01058E-11	1.3775E-10	3.91	3.78265E+48	2.52314E+48	1737.327284	429.0166135	0.07	0.16	1.47	0.08		
GRB_060502A	1.88312E-11	5.8493E-11	1.51	1.07077E+47	8.69262E+46	3101.171613	1307.617951	0.2	0.11	1.18	0.08		
GRB_060522	2.85018E-11	1.30036E-10	5.11	5.55089E+48	5.41989E+48	129.0382605	93.15594038	0.48	0.35	1.32	0.17		
GRB_060526	5.8744E-12	2.608E-11	3.21	1.84343E+47	2.28489E+47	4272.726163	2244.312537	0.09	0.17	1.85	0.28		
GRB_060604	4.5349E-12	1.544E-11	2.1357	9.74674E+46	7.21163E+46	4331.088819	1665.484665	0.04	0.17	1.32	0.11		
GRB_060605	1.78451E-11	6.516E-11	3.8	7.96908E+47	7.02777E+47	1991.028469	561.3145469	0.17	0.12	2.56	0.27		
GRB_060607A	5.43882E-11	2.6192E-11	3.082	2.5881E+48	1.52329E+47	3128.056725	72.26905578	0.47	0.02	3.47	0.1		
GRB_060614	7.4003E-12	1.15E-11	0.13	1.60962E+44	6.78114E+43	48493.13149	4839.421066	-0.02	0.05	2.19	0.13		
GRB_060707	1.37231E-11	5.3657E-11	3.43	3.89536E+47	6.9383E+47	2980.166853	2619.239684	0.13	0.14	1.28	0.16		
GRB_060708	1.61282E-11	5.4173E-11	2.3	3.98653E+47	3.04937E+47	1166.281052	430.6090902	0.1	0.16	1.33	0.1		
GRB_060714	1.98559E-11	5.0804E-11	2.71	9.26463E+47	4.16384E+47	982.3274951	261.4353242	0.13	0.15	1.31	0.06		
GRB_060729	1.63236E-11	1.201E-11	0.54	1.26646E+46	1.75975E+45	41419.66385	2335.530777	0.05	0.04	1.44	0.02		
GRB_060814	2.17378E-11	7.0052E-11	0.84	4.16727E+46	2.70112E+46	5505.382652	1366.633633	0.1	0.17	1.51	0.08		
GRB_060906	2.8872E-12	7.58E-12	3.685	2.88655E+47	1.54965E+47	2712.487091	755.5308857	0.18	0.14	1.93	0.4		
GRB_060908	1.51663E-10	5.92988E-10	1.8836	2.36048E+48	1.79121E+48	201.7085001	124.7799107	0.25	0.19	1.56	0.18		
GRB_060912A	3.43581E-11	1.20114E-10	0.937	1.07561E+47	5.81294E+46	288.5051035	144.3135006	0.5	0.2	1.14	0.06		
GRB_061021	3.87097E-11	9.1174E-11	0.3463	7.76629E+45	3.83003E+45	4027.036167	824.1401567	0.25	0.09	1.17	0.04		
GRB_061121	3.00314E-10	5.80993E-10	1.314	8.10376E+47	4.70497E+47	1660.366682	306.2320734	0.01	0.05	1.58	0.06		
GRB_061201	4.52563E-11	1.99919E-10	0.111	6.93962E+44	6.75597E+44	2282.225954	814.6241867	0.32	0.16	2.14	0.28		
GRB_061222A	2.404E-10	5.23037E-10	2.088	1.24189E+48	1.82067E+48	2601.973805	1258.062061	0.04	0.07	1.7	0.14		
GRB_070110	1.27471E-11	6.169E-12	2.352	5.69187E+47	5.08823E+46	6114.316561	71.54277393	0.06	0.06	8.95	0.62		
GRB_070129	3.6956E-12	9.558E-12	2.3384	1.19013E+47	6.29987E+46	6897.289897	2352.024671	0.06	0.11	1.31	0.11		
GRB_070208	5.4427E-12	2.1826E-11	1.165	2.60795E+46	2.07663E+46	3924.2203	2511.268814	0.13	0.14	1.67	0.42		
GRB_070306	1.61826E-11	1.691E-11	1.497	1.56097E+47	3.81996E+46	12388.87297	1124.991837	0.07	0.05	1.92	0.1		
GRB_070506	1.33809E-11	5.15E-11	2.31	3.24977E+47	2.31771E+47	582.714869	651.9682206	0.11	0.33	0.84	0.36		
GRB_070508	5.47397E-10	1.78808E-09	0.82	8.42081E+47	3.75549E+47	868.0543145	681.5223942	0.38	0.07	1.63	0.27		
GRB_070529	6.99185E-11	2.68642E-10	2.4996	1.79902E+48	1.59293E+48	217.3590864	84.29512299	0.18	0.21	1.35	0.1		
GRB_070714B	3.47626E-11	1.61683E-10	0.92	7.44597E+46	7.73321E+46	734.5184346	481.5281715	0.08	0.33	2.23	0.62		
GRB_070721B	1.2389E-10	5.30706E-10	3.626	2.78225E+48	3.6596E+48	624.157222	266.9738974	0.31	0.12	2.14	0.25		
GRB_070809	2.8675E-12	1.3047E-11	0.22	1.52849E+44	1.96083E+44	10306.87241	8536.911265	0	0.15	1.85	0.85		
GRB_070810A	3.10565E-11	1.02039E-10	2.17	7.24311E+47	4.76828E+47	417.7731262	179.5330425	0.13	0.16	1.45	0.15		
GRB_071020	4.48434E-11	1.7927E-10	2.145	3.86448E+47	4.52872E+47	3136.132261	1890.309674	0.79	0.07	1.43	0.41		
GRB_080310	1.19449E-11	2.9588E-11	2.43	3.22539E+47	1.97444E+47	2963.860917	549.7643374	-0.01	0.08	1.73	0.13		
GRB_080430	1.43397E-11	3.2926E-11	0.767	1.18307E+46	7.11783E+45	8904.11089	3198.226052	0.07	0.07	1.29	0.08		
GRB_080516	9.1498E-12	2.9035E-11	3.2	6.13176E+47	5.22451E+47	953.5783889	558.8027062	0.08	0.13	1.27	0.24		
GRB_080603B	2.06566E-10	6.33259E-10	2.69	6.27413E+48	3.92201E+48	230.0580848	150.0356753	0.13	0.23	1.21	0.27		
GRB_080605	6.02175E-10	1.59579E-09	1.6398	3.2996E+48	2.44594E+48	602.1217289	198.2816991	0.44	0.08	1.77	0.26		
GRB_080707	5.4667E-12	2.6497E-11	1.23	2.00617E+46	2.80162E+46	4184.393126	2357.276091	0.03	0.13	1.42	0.21		
GRB_080721	2.8938E-09	5.7587E-09	2.602	5.49291E+49	3.88177E+49	310.2915151	75.84470416	0.37	0.05	1.66	0.05		
GRB_080810	1.98767E-10	5.65574E-10	3.35	9.8967E+48	7.34336E+48	374.8674224	114.7815642	0.08	0.15	1.6	0.11		
GRB_080905B	1.00795E-10	2.9392E-10	2.374	2.64976E+48	1.3211E+48	996.4694763	294.5134244	0.1	0.15	1.46	0.07		
GRB_081007	2.56722E-11	8.1746E-11	0.5295	1.17922E+46	1.02315E+46	2544.7559	1163.964729	0.21	0.11	1.18	0.08		
GRB_081008	2.44335E-11	8.5616E-11	1.9685	1.89906E+47	2.14896E+47	3050.112373	1134.568173	0.21	0.14	2.08	0.21		
GRB_081029	4.7457E-12	7.095E-12	3.8479	5.36898E+47	1.4962E+47	3712.076263	312.1831635	0.43	0.07	2.77	0.3		
GRB_081221	3.85823E-10	8.50479E-10	2.26	2.43358E+49	8.95078E+48	191.2990882	25.90870339	0.39	0.11	1.3	0.02		
GRB_090113	9.41652E-11	2.13402E-10	1.7493	1.98736E+48	6.97579E+47	195.6516433	55.1484536	-0.04	0.16	1.31	0.06		
GRB_090205	8.8624E-12	3.8962E-11	4.7	7.38935E+47	1.03127E+48	923.9087922	596.6096079	-0.05	0.15	1.79	0.32		
GRB_090313	8.7808E-12	4.8637E-11	3.375	4.05513E+47	5.72371E+47	8128.753986	3648.293875	0.04	0.42	2.11	0.27		
GRB_090407	4.3126E-12	1.1539E-11	1.4485	1.4642E+46	1.31226E+46	36569.04509	14221.60832	0.03	0.08	2.21	0.27		
GRB_090418A	1.75715E-10	4.85227E-10	1.608	1.24784E+48	8.59601E+47	849.2868506	188.7598443	0.11	0.12	1.71	0.1		
GRB_090423	1.08841E-11	2.6901E-11	8	4.1293E+48	1.89148E+48	496.5464714	106.2582567	-0.14	0.14	1.49	0.11		
GRB_090510	4.89521E-11	1.39128E-10	0.903	1.22686E+47	6.75946E+46	908.1153151	200.8531586	0.62	0.07	2.31	0.25		
GRB_090516	1.74626E-11	4.5795E-11	4.109	1.7725E+48	9.69804E+47	2091.598733	384.3987569	0.07	0.23	1.87	0.14		
GRB_090519	3.2875E-12	1.7425E-11	3.9	1.31603E+47	1.35847E+47	579.1796578	700.8373788	0.2	0.42	1.77	0.84		
GRB_090529	4.755E-13	2.864E-12	2.625	1.285E+46	2.61362E+46	27864.84105	27180.53969	0.06	0.18	1.55	0.5		
GRB_090530	1.13443E-11	3.6879E-11	1.266	5.14365E+46	4.21413E+46	1684.742222	970.3147221	0.06	0.12	1.08	0.09		
GRB_090618	4.75358E-10	1.69957E-09	0.54	1.58957E+47	1.80364E+47	3155.53666	1364.807173	0.48	0.06	1.59	0.06		
GRB_090927	3.5808E-12	1.1618E-11	1.37	3.20308E+46	1.88698E+46	3945.969826	1403.965845	0	0.19	1.26	0.11		
GRB_091018	2.44278E-10	7.8734E-10	0.971	6.97279E+47	4.05519E+47	298.362543	132.8032517	0.29	0.1	1.27	0.06		
GRB_091029	1.06254E-11	2.7348E-11	2.752	4.53628E+47	2.32659E+47	2386.83221	548.2741263	0.01	0.09	1.2	0.05		
GRB_091109A	1.5618E-11	5.2975E-11	3.5	1.14871E+48	7.35811E+47	172.0209335	92.83922223	0.05	0.35	1.04	0.07		
GRB_091127	1.2797E-10	5.66195E-10	0.49	5.98918E+46	4.0858E+46	10820.04757	21582.85762	0.6	0.19	1.63	0.41		
GRB_091208B	1.5041E-10	5.04452E-10	1.0633	3.81932E+47	3.65093E+47	400.6015266	127.6320704	0.11	0.14	1.23	0.07		
GRB_100219A	3.988E-12	1.6465E-11	4.7	1.89704E+47	2.3144E+47	6759.212185	2212.879233	0.2	0.26	4.64	1.44		
GRB_100302A	1.8236E-12	6.396E-12	4.813	2.03453E+47	1.54522E+47	1660.801047	957.3999263	0.03	0.15	0.96	0.1		
GRB_100418A	8.316E-13	1.73E-12	0.6235	1.43939E+45	3.9667E+44	49482.37657	15694.40933	-0.16	0.11	1.43	0.15		
GRB_100424A	1.9191E-09	5.34009E-09	2.465	3.25028E+49	2.01799E+49	83.43185506	9.316507275	-0.23	0.25	2.36	0.13		
GRB_100425A	2.6066E-12	1.022E-11	1.755	2.86857E+46	2.83457E+46	3585.913506	2406.718093	0.22	0.13	1.18	0.16		
GRB_100513A	2.9347E-12	1.2999E-11	4.772	5.8524E+47	5.20349E+47	1052.72382	1000.020126	0.24	0.24	1.14	0.2		
GRB_100615A	3.16277E-11	7.5381E-11	1.398	2.42098E+47	1.55839E+47	7285.855103	3480.821291	0.16	0.07	1.45	0.23		
GRB_100621A	2.49173E-11	9.8249E-11	0.542	1.38021E+46	1.35785E+46	15736.68095	7820.434477	0.47	0.08	1.52	0.11		
GRB_100704A	2.69626E-11	7.0155E-11	3.6	1.35579E+48	1.06483E+48	2310.27421	854.0305171	0.25	0.09	1.41	0.09		
GRB_100814A	5.9873E-12	3.1131E-11	1.44	3.40855E+46	4.91925E+46	68736.14318	12782.52393	0.37	0.06	2.4	0.27		
GRB_100901A	9.6663E-12	4.273E-12	1.408	1.25147E+47	7.21168E+45	15389.91354	731.9354907	0.01	0.04	1.47	0.04		
GRB_100902A	1.747E-13	3.47E-13	4.5	4.62148E+46	1.99419E+46	150344.0274	27215.1441	0.65	0.03	4.69	1.59		
GRB_100906A	3.2264E-11	1.62019E-10	1.727	2.0014E+47	2.95757E+47	5045.439234	2134.426287	0.38	0.13	2.5	0.32		
GRB_101219B	1.0487E-12	3.544E-12	0.5519	8.36541E+44	5.37753E+44	16748.68482	11845.07139	0.11	0.24	0.8	0.11		
GRB_110213A	5.5795E-10	2.32021E-09	1.46	2.65118E+48	2.62852E+48	1033.294624	210.146624	-0.41	0.26	1.95	0.06		
GRB_110715A	7.89987E-10	1.51995E-09	0.82	2.0907E+48	5.66653E+47	144.4027952	32.1119418	0.35	0.1	0.98	0.01		
GRB_110808A	1.0353E-12	4.524E-12	1.348	7.62355E+45	7.46899E+45	12780.96219	10854.19745	0.03	0.19	1.18	0.23		
GRB_111008A	5.54442E-11	1.20937E-10	5	6.10479E+48	3.27009E+48	861.1438414	184.2006621	0.01	0.07	1.39	0.07		
GRB_111123A	3.2689E-12	1.1964E-11	3.1516	3.24569E+47	2.41169E+47	5011.114775	1973.886343	0.24	0.22	1.86	0.3		
GRB_111209A	1.99897E-09	2.10934E-09	0.677	2.71589E+45	5.57529E+45	31529.73786	5083.641041	0.33	0.03	15.11	2.02		
GRB_111228A	2.97443E-11	6.9765E-11	0.7163	4.01706E+46	1.72419E+46	5874.045145	1398.76499	0.14	0.11	1.32	0.06		
GRB_111229A	1.14876E-11	2.619E-11	1.3805	7.22339E+46	5.65519E+46	3697.905086	896.7677193	-0.14	0.09	3.15	1.13		
GRB_120118B	1.10557E-11	3.4528E-11	2.943	6.11026E+47	3.78828E+47	1093.602036	692.5357579	-0.17	0.18	1.25	0.22		
GRB_120326A	1.05787E-11	7.897E-12	1.798	1.83724E+47	2.01468E+46	18218.08022	1160.114255	-0.23	0.13	1.99	0.1		
GRB_120327A	1.32234E-10	4.06703E-10	2.813	2.89927E+48	2.2472E+48	398.6882165	129.1509349	0.08	0.17	1.55	0.12		
GRB_120404A	2.52181E-11	6.6785E-11	2.876	8.1187E+47	4.80206E+47	921.2230586	283.5337795	0.05	0.17	2.05	0.28		
GRB_120422A	2.002E-13	1.1E-12	0.28	3.44772E+43	3.85271E+43	116493.1584	89210.64895	0.16	0.12	1.31	0.39		
GRB_120521C	1.1431E-12	3.919E-12	6	2.02665E+47	1.74698E+47	3227.210397	1154.506658	0.07	0.19	3.03	1.57		
GRB_120712A	1.75E-13	1.015E-12	4.1745	2.81623E+46	3.04682E+46	44252.30123	18135.2903	-0.04	0.41	3.26	1.67		
GRB_120802A	7.2633E-12	2.6886E-11	3.796	5.22931E+47	4.46999E+47	1512.057303	1249.91278	0.1	0.11	0.87	0.37		
GRB_120811C	3.77262E-11	1.16368E-10	2.671	1.45142E+48	7.55855E+47	731.9046393	358.8839095	0.3	0.13	1.26	0.17		
GRB_120922A	2.95604E-11	6.7533E-11	3.1	1.99147E+48	8.21098E+47	538.0078346	218.3512717	0.09	0.24	1.09	0.06		
GRB_121024A	5.5324E-12	1.706E-11	2.298	1.52881E+47	8.74635E+46	3856.615479	1915.340365	0.24	0.29	1.52	0.28		
GRB_121128A	1.78029E-10	6.15334E-10	2.2	3.81173E+48	2.88932E+48	376.7919364	95.72498967	0.2	0.19	1.67	0.12		
GRB_121211A	1.18222E-11	3.3578E-11	1.023	3.49659E+46	2.28923E+46	4366.257353	1879.313506	0.09	0.22	1.32	0.15		
GRB_130131B	2.90557E-11	1.40882E-10	2.539	1.0644E+48	1.0658E+48	272.7460062	219.1365938	0.23	0.33	1.47	0.41		
GRB_130408A	3.8141E-12	1.5911E-11	3.758	3.98595E+47	2.96247E+47	5812.348151	957.8760358	0.28	0.32	3.79	0.74		
GRB_130420A	1.91848E-11	5.4301E-11	1.297	1.21047E+47	8.08218E+46	1575.728645	719.6391291	0.32	0.13	1.08	0.07		
GRB_130511A	3.3871E-11	1.8406E-10	1.3033	1.2016E+47	1.88297E+47	430.9878231	284.6518028	0.38	0.13	1.55	0.19		
GRB_130514A	1.82818E-11	8.3108E-11	3.6	1.82553E+48	1.33633E+48	665.4683423	378.8560934	0.01	0.36	1.23	0.07		
GRB_130603B	5.54156E-11	1.82513E-10	0.3564	8.63805E+45	9.62996E+45	2364.558755	1076.192841	0.14	0.11	1.92	0.23		
GRB_130606A	1.26962E-11	3.7482E-11	5.913	1.97678E+48	1.36712E+48	1390.237279	424.9899601	-0.01	0.19	1.91	0.25		
GRB_130612A	3.5203E-12	1.3502E-11	2.006	6.75762E+46	5.45255E+46	1143.494105	842.7373715	0.11	0.27	1.44	0.34		
GRB_131030A	1.13314E-09	2.0566E-09	1.293	6.79057E+48	2.41521E+48	178.7049984	42.74780883	0.54	0.12	1.21	0.03		
GRB_131103A	4.72851E-11	1.4145E-10	0.599	6.9065E+46	2.5528E+46	586.8836356	217.5806162	0.03	0.19	1.07	0.04		
GRB_131105A	1.80678E-11	4.4808E-11	1.686	4.35738E+47	1.18379E+47	1683.194177	442.6248508	0.15	0.13	1.22	0.06		
GRB_140114A	2.349E-12	7.121E-12	3	1.61815E+47	1.08152E+47	5900.530098	3059.870781	0.03	0.13	1.48	0.35		
GRB_140206A	6.51895E-10	1.18943E-09	2.73	1.16143E+49	5.6566E+48	495.4785979	128.9246594	0.19	0.08	1.37	0.05		
GRB_140213A	1.83185E-11	9.6026E-11	1.2076	6.55966E+46	7.43551E+46	19191.01302	9274.872606	0.7	0.08	1.58	0.13		
GRB_140304A	5.03661E-10	2.84608E-09	5.283	7.06962E+49	9.7144E+49	102.9708268	31.81222325	-0.79	0.67	2.38	0.2		
GRB_140430A	5.9326E-12	1.9889E-11	1.6	6.08381E+46	5.46251E+46	3930.46144	2566.102243	0.03	0.22	1.13	0.25		
GRB_140512A	6.19013E-11	1.73907E-10	0.725	7.54781E+46	4.08098E+46	9842.905828	2415.028492	0.66	0.04	1.77	0.14		
GRB_140518A	1.72835E-11	4.8682E-11	4.707	2.09652E+48	1.57147E+48	486.0840828	153.8873967	0.04	0.15	1.7	0.33		
GRB_140614A	9.3261E-12	4.5166E-11	4.233	5.73333E+47	5.74873E+47	1171.050571	710.8632861	0.4	0.18	1.64	0.26		
GRB_140629A	9.29078E-11	5.08001E-10	2.275	8.90252E+47	1.31537E+48	973.6745085	616.3855923	0.37	0.12	1.87	0.17		
GRB_140703A	2.97629E-11	1.452E-10	3.14	1.10814E+48	1.4455E+48	3399.21199	1168.069512	0.41	0.14	2.38	0.44		
GRB_140903A	1.12632E-11	2.6874E-11	0.351	2.15514E+45	1.30018E+45	8718.548343	4645.44775	0.03	0.1	1.56	0.34		
GRB_141004A	3.45047E-11	1.31851E-10	0.57	1.68331E+46	1.70688E+46	1062.464676	502.8548038	0.24	0.16	1.87	0.26		
GRB_141026A	2.0689E-12	6.957E-12	3.35	1.01307E+47	7.44839E+46	9968.394571	5583.358788	0.03	0.15	1.65	0.51		
GRB_141121A	1.0437E-12	3.519E-12	1.47	6.73714E+45	5.60253E+45	126111.0524	35299.46139	0.06	0.16	2.48	0.5		
GRB_150323A	3.7659E-12	1.5791E-11	0.593	3.54424E+45	3.29269E+45	6907.643727	4080.786377	0.14	0.17	1.31	0.22		
GRB_150403A	2.55951E-09	3.13603E-09	2.06	3.01994E+49	6.94385E+48	494.0940226	39.85984914	0.29	0.03	1.44	0.02		
GRB_150423A	1.09854E-11	5.8589E-11	1.394	2.64798E+46	5.88695E+46	716.7773941	1508.180825	0.08	0.23	1.73	0.75		
GRB_150424A	4.2535E-12	1.4745E-11	3	9.29935E+46	1.16258E+47	8038.041424	4420.18472	0.35	0.09	1.51	0.19		
GRB_150910A	1.21294E-10	2.64582E-10	1.359	7.91278E+47	2.75388E+47	3299.036116	334.0297372	0.51	0.07	2.47	0.11		
GRB_151027A	3.94708E-10	3.58639E-10	0.81	7.01394E+47	1.44158E+47	2341.747579	150.4450082	0.02	0.05	1.77	0.05		
GRB_151027B	9.3477E-12	2.9167E-11	4.063	4.98022E+47	4.15321E+47	2275.914748	1453.074233	0.02	0.18	1.33	0.19		
GRB_151112A	6.1712E-12	2.5942E-11	4.1	4.24566E+47	5.44706E+47	4825.092239	3077.226992	-0.01	0.13	1.67	0.3		
GRB_151215A	6.0397E-12	2.6825E-11	2.59	2.1096E+47	2.0345E+47	1280.538145	1967.780762	0.21	0.22	1.6	0.67		
GRB_160121A	7.6379E-12	3.5197E-11	1.96	7.58108E+46	1.37579E+47	5974.153676	4742.616074	0.02	0.11	1.58	0.61		
GRB_160227A	1.97665E-11	4.8255E-11	2.38	2.56563E+47	1.89347E+47	7794.790371	3071.906938	0.04	0.1	1.43	0.14		
GRB_160303A	1.4798E-12	1.0119E-11	2.3	1.64385E+46	3.8804E+46	4504.897667	5294.293271	0	0.21	1.68	0.76		
GRB_160314A	2.215E-13	1.555E-12	0.726	2.75298E+44	3.9574E+44	123850.2906	80777.229	0.14	0.28	2.27	1.13		
GRB_160327A	1.56711E-11	6.3871E-11	4.99	3.42752E+48	1.80271E+48	417.2272833	150.581505	-0.22	0.31	1.61	0.15		
GRB_160804A	5.9476E-12	2.8724E-11	0.736	8.44662E+45	9.90683E+45	5991.072981	3534.776832	0.26	0.17	0.94	0.12		
GRB_161108A	1.4247E-12	9.704E-12	1.159	8.34298E+45	1.22356E+46	19392.0365	11924.33814	0.24	0.12	0.95	0.19		
GRB_161117A	2.66958E-11	6.1644E-11	1.549	2.74981E+47	1.12737E+47	2621.4118	835.5568414	0.1	0.43	1.2	0.06		
GRB_170113A	1.01436E-10	2.30598E-10	1.968	1.20334E+48	5.7655E+47	827.8634328	213.753257	0.08	0.12	1.29	0.06		
GRB_170202A	4.56112E-11	1.21019E-10	3.65	4.05022E+48	2.21604E+48	373.9179379	99.50586533	-0.42	0.28	1.15	0.05		
GRB_170519A	3.11598E-11	1.05371E-10	0.818	4.76449E+46	3.8415E+46	2958.646986	1292.621858	0.03	0.17	1.44	0.19		
GRB_170607A	2.35945E-11	5.0081E-11	0.557	1.56734E+46	6.9385E+45	7822.191068	1978.739893	0.03	0.1	1.09	0.07		
GRB_170705A	3.82438E-11	9.378E-11	2.01	4.78958E+47	2.73126E+47	6067.722631	1984.600791	0.29	0.07	1.29	0.09		
GRB_170714A	3.73502E-10	1.43036E-10	0.793	9.31492E+47	6.24735E+46	7817.134061	153.2412127	0.54	0.01	4.97	0.16		
GRB_171205A	8.979E-13	1.303E-12	0.0368	2.34626E+42	5.89221E+41	104626.4091	37116.08491	-0.05	0.09	1.14	0.15		
GRB_171222A	9.451E-13	3.847E-12	2.409	1.89606E+46	2.11303E+46	29673.59808	33108.71467	0.02	0.13	1.21	0.42		
GRB_180115A	2.20993E-11	6.7834E-11	2.487	4.73603E+47	3.41336E+47	989.6111959	382.5467346	0.15	0.14	1.41	0.13		
GRB_180325A	1.5486E-10	9.19305E-10	2.25	2.85754E+48	3.06901E+48	1446.548636	1249.9776	0.45	0.11	2.38	0.69		
GRB_180329B	1.81459E-11	4.5754E-11	1.998	2.62358E+47	1.2872E+47	1830.388506	555.9137398	0.03	0.13	1.56	0.16		
GRB_180404A	6.3917E-12	4.2861E-11	1	8.21091E+45	2.20026E+46	7689.480147	8596.841213	0.02	0.13	1.48	0.38		
GRB_180720B	3.14661E-10	1.93123E-09	0.654	2.09733E+47	4.3624E+47	21153.97077	9965.049102	0.67	0.09	1.99	0.45		
GRB 090426	6.5E-11	1.3E-11	2.609	1.93464E+48	4.28558E+47	52.91758304	37.82267292	-0.38	0.5	1.09	0.06		
GRB 100724A	5E-12	3.1E-12	1.288	2.38342E+46	2.04757E+46	1792.255823	1976.517352	0.69	0.09	1.5	0.17		
GRB 110801A	1.15E-11	9E-12	1.858	1.49555E+47	1.7756E+47	3864.559516	2547.53625	0.7	0.09	1.8	0.14		
GRB 120907A	3.3E-12	1.1E-12	0.97	7.2061E+45	2.85164E+45	13347.50217	5098.40421	0.72	0.02	1.39	0.08		
GRB 130505A	2.13E-10	5.4E-11	2.27	3.93913E+48	1.13662E+48	3123.920694	1058.233105	0.39	0.13	1.63	0.04		
GRB 140419A	1.85E-10	7E-11	0.596	1.29569E+47	5.95786E+46	2035.166756	1825.835007	0.3	0.19	1.48	0.07		
GRB 150314A	1.14E-10	1.3E-11	1.758	1.0539E+48	1.27235E+47	2793.830151	510.6260506	-0.41	0.3	1.95	0.07		
GRB 161014A	5.19E-11	2.44E-11	2.823	1.42528E+48	8.55588E+47	1232.820933	420.2823942	0.55	0.08	2.52	0.18		
GRB 190106A	3.02E-11	9.3E-12	1.86	3.53834E+47	1.27559E+47	8327.21926	2642.613333	0.28	0.05	1.62	0.06		
GRB 190114A	5.03E-11	1.09E-11	3.3765	2.07826E+48	5.02811E+47	502.2269342	332.6068195	-0.09	0.19	1.25	0.1		
GRB 191011A	4.4E-11	8.9E-12	1.722	3.748E+47	8.39749E+46	185.9088224	96.77437827	-0.24	0.24	1.36	0.09		
GRB 200829A	3.47E-10	6E-11	1.25	1.46117E+48	2.75833E+47	2970.297844	422.8282576	0.87	0.01	1.89	0.04		
GRB 201221A	3.07E-12	1.23E-12	5.7	1.9756E+47	9.73567E+46	3440.329188	865.9283555	0.585	0.05	2.92	0.75		
GRB 210210A	6.2E-11	1.48E-11	0.715	6.64202E+46	1.79133E+46	2859.565179	780.4232242	0.29	0.07	1.8	0.11		
GRB 210610A	6.9E-11	9E-12	3.54	3.19007E+48	4.44058E+47	157.0362804	68.80326968	-0.39	0.18	1.12	0.07		
GRB 210722A	2.33E-11	1.72E-11	1.145	7.66479E+46	8.37136E+46	3871.684858	3568.778804	0.63	0.09	1.73	0.17		
GRB 050318	1.86E-11	1.24E-11	1.44	1.20365E+47	1.14058E+47	4223.767459	2110.552548	0.56	0.21	2.21	0.18		
GRB 050820A	4.6E-12	4.8E-12	2.612	1.25835E+47	2.31438E+47	35751.97187	17214.37251	0.95	0.02	1.51	0.05		
GRB 050915A	1.3E-12	1.4E-12	2.5273	4.46375E+46	8.64013E+46	5735.879248	5193.613342	0.71	0.05	1.61	0.2		
GRB 060719	1.13E-11	5E-12	1.532	1.47401E+47	8.20555E+46	1923.977549	1611.108584	0.17	0.12	1.32	0.08		
GRB 071021	3.5E-12	3.4E-12	2.452	9.99309E+46	1.64067E+47	2056.837587	3961.825042	0.11	0.19	1.14	0.11		
GRB 080413B	1.34E-11	3.4E-12	1.1	4.29536E+46	1.24069E+46	6422.439177	4784.835085	0.72	0.03	1.39	0.05		
GRB 080710	7.45E-12	1.8E-12	0.845	1.30647E+46	3.56941E+45	8194.076232	3145.582902	0.61	0.13	2.16	0.15		
GRB 081222	1.4E-11	8.6E-12	2.7	4.28154E+47	3.63253E+47	4557.220056	2169.448048	0.88	0.02	1.65	0.07		
GRB 070521	3.56E-11	1.28E-11	0.553	2.20546E+46	9.5463E+45	4939.693472	1016.927964	0.46	0.04	2.06	0.09		
GRB 220521A	6.88E-11	1E-11	5.6	1.25835E+49	1.96778E+48	114.1037716	34.90093955	-0.56	0.21	1.68	0.14		
GRB 050922B	1.77E-12	9E-13	4.9	6.76239E+47	4.48107E+47	18113.40093	11385.10365	-0.02	0.14	1.68	0.14		
GRB 081210	2.97E-13	7.7E-14	2.0631	4.17254E+45	1.23501E+45	88450.44048	13080.87194	0.64	0.05	3.71	0.54		
GRB 050822	8.4E-12	2.3E-12	1.434	6.05062E+46	1.90547E+46	5534.775375	3249.379818	0.14	0.09	1.15	0.05		
GRB 070328	1.656E-09	9.25E-11	2.0627	3.10242E+49	1.78537E+48	169.7852662	14.97135013	-0.27	0.1	1.53	0.02		
GRB 090404	7.6E-12	1E-12	3	6.69422E+47	9.40621E+46	4973.933791	907.7273504	0.12	0.05	1.44	0.05		
GRB 130609B	4.2E-11	7.6E-12	1.3	2.15477E+47	4.27495E+46	6188.708114	689.8910089	0.85	0.03	2.84	0.14		
GRB 051008	9.4E-12	3.7E-12	2.9	3.23743E+47	1.56101E+47	4651.574703	1311.908495	0.59	0.11	2.41	0.15		
GRB 060306	3.13E-11	1.21E-11	1.55	3.23966E+47	1.52904E+47	921.9343575	1309.581616	0.11	0.17	1.17	0.07		
GRB 060319	5.3E-12	5E-13	1.172	2.55447E+46	2.52907E+45	4074.740914	945.21612	-0.6	0.35	1.18	0.04		
GRB 070419B	4.1E-11	1.64E-11	1.9588	3.73336E+47	1.83593E+47	8667.622734	2651.167203	0.63	0.1	2.3	0.12		
220611A	2.23708E-12	2.46796E-13	2.3608	4.50567E+46	4.97068E+45	92377.91719	5686.957845	0.233806773	0.030086245	1.553349915	0.071816477		
220813A	1.33774E-11	1.02579E-11	0.82	2.2166E+46	1.69971E+46	3413.259718	5611.507694	0.257698249	0.184365784	1.156151366	0.116159187		
230818A	4.66429E-12	2.96277E-12	2.42	1.13074E+47	7.18251E+46	13701.91356	4231.093763	0.413753043	0.07970872	1.967162144	0.236778647		
240419A	1.48374E-11	5.939E-12	5.178	3.07745E+48	1.23182E+48	1743.000223	1590.621501	-0.068996042	0.296382481	1.398455247	0.198657412		
240529A	8.0369E-11	5.32162E-12	2.695	3.02436E+48	2.00258E+47	18601.93881	1002.541974	0.109048033	0.035367902	2.287666197	0.062816462		
241026A	1.62018E-11	3.28695E-12	2.79	4.61097E+47	9.35456E+46	37923.85063	6746.952218	0.304125418	0.033688478	2.065838224	0.134486991		
250101A	1.17745E-11	9.00817E-12	2.49	3.19544E+47	2.4447E+47	6152.096955	2712.348777	0.338707741	0.070724163	1.475126686	0.115511663		
250108B	6.39825E-12	1.10877E-12	2.197	1.32409E+47	2.29455E+46	11397.9312	23580.48363	-0.22265106	0.428820431	0.952187525	0.119668692		
250114A	1.84515E-12	6.49861E-13	4.732	1.72549E+47	6.07716E+46	31853.00063	6276.031806	0.504288123	0.098443508	3.579262183	0.514144214		
250129A	1.46003E-11	3.12811E-12	2.151	2.46562E+47	5.28259E+46	9418.839677	3240.491621	-0.12311547	0.135531249	1.382867354	0.09953208		
250424A	1.38396E-10	2.14526E-11	0.31	2.25359E+46	3.49326E+45	6014.627231	1529.411267	0.050825987	0.063937193	1.163148304	0.031983171		
250430A	4.77802E-11	1.70761E-11	0.767	6.30114E+46	2.25196E+46	1052.942143	1176.52578	-0.266907759	0.466347231	1.729083821	0.926263532		
230116D	7.38422E-12	9.49942E-12	3.81	3.67586E+47	4.72881E+47	7153.550011	5733.672316	0.341926645	0.224456925	2.093851866	0.605288579		
230414B	2.50628E-12	6.9375E-13	3.568	1.59345E+47	4.41073E+46	53447.01016	9614.74696	-0.000181786	0.126168197	2.896833885	0.454553479		
241010A	3.63625E-11	6.98861E-12	0.977	8.77413E+46	1.68632E+46	11481.03515	2525.635957	0.175854152	0.044947469	1.527836744	0.064703124		
231117A	2.21581E-12	1.28054E-12	0.257	2.05645E+44	1.18844E+44	46317.41354	21481.5235	-0.058736622	0.235618116	1.40067711	0.219827628		
250221A	2.63267E-11	3.8125E-11	0.768	2.65845E+46	3.84983E+46	550.4851986	1180.687861	0.487332813	0.201542484	1.242284526	0.19344653		
